-83.68510732686 22.413859764287 21.169933781879 32.4 58
-83.68510732686 22.413859764287 21.191573178836 32.4 58
-83.68510732686 22.413859764287 21.211964458923 32.4 58
-83.68510732686 22.413859764287 21.228619743042 32.4 58
-83.68510732686 22.413859764287 21.401749270433 32.4 58
-83.68510732686 22.413859764287 21.433308759198 32.4 58
-83.68510732686 22.413859764287 21.4677357979 32.4 58
-83.68510732686 22.413859764287 21.486531434251 32.4 58
-83.68510732686 22.413859764287 21.492360844564 32.4 58
-83.68510732686 22.413859764287 21.487011018899 32.4 58
-83.68510732686 22.413859764287 21.411963947398 32.4 58
-83.68510732686 22.413859764287 21.320644016679 32.6 57
-83.68510732686 22.413859764287 21.251158539029 32.6 57
-83.68510732686 22.413859764287 21.196818779561 32.6 57
-83.68510732686 22.413859764287 21.188447298422 32.6 57
-83.68510732686 22.413859764287 21.100503753242 32.6 57
-83.68510732686 22.413859764287 20.986325328781 32.6 57
-83.68510732686 22.413859764287 20.978282362853 32.6 57
-83.68510732686 22.413859764287 20.975160093895 32.6 57
-83.68510732686 22.413859764287 20.971200237495 32.6 57
-83.68510732686 22.413859764287 20.989687734756 32.6 57
-83.68510732686 22.413859764287 20.99345132181 32.6 57
-83.68510732686 22.413859764287 21.000381501336 32.6 57
-83.685109726159 22.413855437731 21.000803223216 32.6 57
-83.685110681979 22.413846914115 20.992769666311 32.6 57
-83.685111620403 22.413842477205 20.96251778602 32.6 57
-83.685111556332 22.413842697443 20.951619822925 32.3 57
-83.685111101521 22.413844160202 20.953204404769 32.3 57
-83.685107387493 22.413848315099 20.952234602534 32.3 57
-83.685105122172 22.413853834736 21.045080384763 32.3 57
-83.685102452073 22.413857475254 21.176370322278 32.3 57
-83.685102248287 22.413862169946 21.290860201477 32.3 57
-83.685100864869 22.413864910425 21.370047391961 32.3 57
-83.685100864822 22.413864910537 21.387749020855 32.3 57
-83.685100864822 22.413864910537 21.392417191863 32.3 57
-83.685100864822 22.413864910537 21.399634834598 32.3 57
-83.685100864822 22.413864910537 21.415071451107 32.3 57
-83.685100864822 22.413864910537 21.427557325804 32.3 57
-83.685100864822 22.413864910537 21.475181530561 32.3 57
-83.685100864822 22.413864910537 21.48934545755 32.3 57
-83.685100864822 22.413864910537 21.497451000923 32.3 57
-83.685100864822 22.413864910537 21.506830579814 32.3 57
-83.685100864822 22.413864910537 21.517738469566 32 57
-83.685100864822 22.413864910537 21.58500804409 32 57
-83.685100864822 22.413864910537 21.606324264813 32 57
-83.685100864822 22.413864910537 21.602463763947 32 57
-83.685100864822 22.413864910537 21.589939728215 32 57
-83.685100864822 22.413864910537 21.591415850114 32 57
-83.685100864822 22.413864910537 21.585004425312 32 57
-83.685100864822 22.413864910537 21.491490125253 32 57
-83.685100864822 22.413864910537 21.454618146351 32 57
-83.685104570262 22.413861814696 21.380065540619 32 57
-83.685111507415 22.413848902248 21.35749528422 32 57
-83.685115259943 22.413838624062 21.331861904311 32 57
-83.685119697427 22.41383082407 21.297483466762 32 57
-83.685119257849 22.413836285172 21.330821493105 32 57
-83.685119426777 22.413843000102 21.411699109714 32 57
-83.685121326745 22.413845883332 21.528833721227 31.8 57
-83.685123065408 22.413848723772 21.688751835597 31.8 57
-83.685126539829 22.413850064675 21.754511970232 31.8 57
-83.68512503652 22.413859656599 21.684380089505 31.8 57
-83.685133095531 22.413857013501 21.580768682004 31.8 57
-83.685136626913 22.413854373897 21.551086522288 31.8 57
-83.685139105636 22.41384241253 21.507178419127 31.8 57
-83.685138767672 22.413831407609 21.477879595326 31.8 57
-83.685134427321 22.413827478403 21.475954001712 31.8 57
-83.685136379837 22.41381977974 21.482714399175 31.8 57
-83.68514013371 22.413813946251 21.452552496519 31.8 57
-83.685144653342 22.413811588006 21.435540736599 31.8 57
-83.68514826079 22.413809767925 21.439026566027 31.8 57
-83.685140714103 22.413794591615 20.806004234797 29 63
-83.685140714103 22.413794591615 20.850557014772 29 63
-83.685140714103 22.413794591615 21.173131898733 29 63
-83.685140714103 22.413794591615 21.30364053575 29 63
-83.685140714103 22.413794591615 21.330466237757 29 63
-83.685140714103 22.413794591615 21.378907284531 29 63
-83.685140714103 22.413794591615 21.459204226615 29 63
-83.685140714103 22.413794591615 21.484955850587 29.2 63
-83.685140714103 22.413794591615 21.43852277293 29.2 63
-83.685140714103 22.413794591615 21.364548989056 29.2 63
-83.685140714103 22.413794591615 21.295362923249 29.2 63
-83.685140714103 22.413794591615 21.293284810455 29.2 63
-83.685140714103 22.413794591615 21.31719671305 29.2 63
-83.685140714103 22.413794591615 21.39061858097 29.2 63
-83.685134347205 22.413793000292 21.43139252059 29.2 63
-83.685134340004 22.413793001411 21.437812643394 29.2 63
-83.685139750589 22.413797220828 21.48660593192 29.2 63
-83.685139750719 22.413797220816 21.549193482894 29.2 63
-83.685139750719 22.413797220816 21.570148776477 29.2 63
-83.685139750719 22.413797220816 21.591397810028 29.2 63
-83.685139750719 22.413797220816 21.707812240094 29.2 63
-83.685139750719 22.413797220816 21.775921939229 29.3 62
-83.685139750719 22.413797220816 21.806216642223 29.3 62
-83.685139750719 22.413797220816 21.808799574829 29.3 62
-83.685139750719 22.413797220816 21.890628622595 29.3 62
-83.685139750719 22.413797220816 21.920167845195 29.3 62
-83.685141675394 22.413792389493 21.898288839625 29.3 62
-83.685142633554 22.413783471253 21.892866927243 29.3 62
-83.685139453807 22.413770690778 21.848507548714 29.3 62
-83.685133421516 22.413763637827 21.755890052558 29.3 62
-83.685126866371 22.413755931328 21.623684207652 29.3 62
-83.685121861468 22.41374709033 21.470131918133 29.3 62
-83.685123724376 22.413736544108 21.350257977057 29.3 62
-83.685122388367 22.41373338908 21.383747746506 29.3 62
-83.685128182954 22.41373714908 21.406079053638 29.3 62
-83.685136358842 22.413747799796 21.447601163495 29.3 62
-83.685144445815 22.413750995075 21.454799357309 29.2 62
-83.68515266356 22.413755496141 21.475148353048 29.2 62
-83.685156381314 22.41376108108 21.506380880946 29.2 62
-83.685155364173 22.41376078661 21.50818565229 29.2 62
-83.685145372855 22.413757893486 21.53444190993 29.2 62
-83.685144315115 22.413751437188 21.529014831969 29.2 62
-83.685144956792 22.413742787632 21.495265536825 29.2 62
-83.685147933318 22.413735912584 21.482962050183 29.2 62
-83.685147613314 22.413728082335 21.44122019985 29.2 62
-83.685144775688 22.41372856939 21.361455264511 29.2 62
-83.685137654505 22.413736077059 21.357547162534 29.2 62
