-83.682282837559 22.413389497204 19.114442796803 28.8 74
-83.682281049778 22.413391315239 19.106419192241 28.8 74
-83.682254601484 22.413397201742 19.200557503912 28.8 73
-83.682233426611 22.413406821206 19.294495807297 28.8 73
-83.682211738229 22.413413707092 19.398471639393 28.8 73
-83.682186230499 22.413426377067 19.495645172363 28.8 73
-83.682165701234 22.413431720504 19.621016360149 28.8 73
-83.682144955407 22.413434446336 19.672909681818 28.8 73
-83.682163424948 22.413508373068 18.034054688918 28.8 73
-83.682166717765 22.413500091478 17.910180993293 28.6 72
-83.682191046187 22.41348097667 17.807108320501 28.6 72
-83.682221016206 22.413462420741 17.750114317351 28.6 72
-83.682249261113 22.413446174628 17.794186255662 28.6 72
-83.682278501213 22.41343355182 17.862798741598 28.6 72
-83.68229455619 22.413425104634 17.838387011615 28.6 72
-83.682292660842 22.413406038488 17.942372664477 28.6 72
-83.682256186425 22.413419807601 17.960527092922 28.6 72
-83.682238381601 22.413426096699 18.074554360229 28.7 73
-83.682217102496 22.41344017671 18.038228332734 28.7 73
-83.682195908572 22.413449228212 17.999963152749 28.7 73
-83.682170877943 22.41345732761 17.976998499036 28.7 73
-83.682142893194 22.413462934382 17.952833500598 28.7 73
-83.682084985486 22.413332506555 21.820357888869 28.7 73
-83.682097451091 22.413327064545 22.007407782392 28.9 72
-83.682116004996 22.413322544508 22.102160773496 28.9 72
-83.682142842299 22.4133157496 22.242475985084 28.9 72
-83.682160572407 22.41330817678 22.48138630981 28.9 72
-83.682193442113 22.413293467952 22.806643239533 28.8 72
-83.682081812826 22.413355244267 22.443608852415 28.8 72
-83.682101755497 22.413349312918 22.528452519144 28.8 72
-83.682127764494 22.413339555847 22.584185962921 28.5 74
-83.682155538298 22.413326462789 22.696933901504 28.5 74
-83.682189261932 22.413316755038 22.696521381035 28.5 74
-83.682223535385 22.413309778289 22.615781016302 28.5 74
-83.68225049998 22.41329865981 22.611941647051 28.5 74
