-83.6823018 22.41341261 19 29.1 75
-83.68230074 22.41341403 20 29.1 75
-83.68229332 22.41341026 22 29.1 75
-83.68228543 22.41340753 24 29.1 75
-83.68228654 22.41341195 23 29.1 75
-83.68228828 22.41341198 22 29.1 75
-83.68228821 22.4134106 22 29.1 75
-83.68228664 22.41341118 21 29.1 75
-83.68228816 22.41341015 22 29.1 75
-83.68228839 22.41341291 22 29.2 75
-83.68228708 22.41341654 21 29.2 75
-83.68228779 22.41341645 21 29.2 75
-83.68228738 22.41341718 21 29.2 75
-83.68228476 22.41340151 20 29.2 75
-83.68228624 22.41340141 21 29.2 75
-83.682279 22.41339933 20 29.2 75
-83.68226248 22.41339429 19 29.2 75
-83.68227511 22.41339356 20 29.2 75
-83.68229501 22.41339032 20 29.2 75
-83.68230464 22.41338994 18 29.2 75
-83.68230785 22.41338525 19 29.2 75
-83.68229612 22.41338258 19 29.2 75
-83.68228927 22.41337689 18 29.3 75
-83.68228839 22.41337337 18 29.3 75
-83.68228967 22.41337427 18 29.3 75
-83.68228933 22.41337453 18 29.4 76
-83.68228935 22.41337473 18 29.4 76
-83.68228937 22.41337477 18 29.4 76
-83.68228931 22.4133748 18 29.4 76
-83.68228923 22.41337481 18 29.4 76
-83.6822892 22.41337482 18 29.4 76
-83.68228923 22.4133748 18 29.4 76
-83.68228924 22.41337478 18 29.4 76
-83.68228924 22.41337477 18 29.4 76
-83.68228921 22.41337476 18 29.4 76
-83.6822892 22.41337474 18 29.4 76
-83.68228919 22.41337473 18 29.5 76
-83.6822892 22.41337473 18 29.5 76
-83.68228921 22.41337473 18 29.5 76
-83.68228921 22.41337471 18 29.5 76
-83.68228921 22.41337467 18 29.5 76
-83.68228922 22.41337464 18 29.5 76
-83.68228919 22.41337465 18 29.5 76
-83.68228912 22.41337457 18 29.5 76
-83.682289 22.41337254 18 29.5 76
-83.68229956 22.41337471 20 29.6 76
-83.68230915 22.41338835 12 29.6 76
-83.6823206 22.41338609 13 29.6 76
-83.68233069 22.41337939 13 29.6 76
-83.68232389 22.41337542 12 29.6 76
-83.6823204 22.41337585 12 29.6 76
-83.68231832 22.41338018 11 29.6 76
-83.68231269 22.41338631 12 29.6 76
-83.68230638 22.41338809 13 29.6 76
-83.68230028 22.41339004 11 29.7 76
-83.68229778 22.41339234 12 29.7 76
-83.68229733 22.41339557 11 29.7 76
-83.68229561 22.41339774 13 29.7 76
-83.68229469 22.41339795 13 29.7 76
-83.68230356 22.4133951 12 29.7 76
-83.68231436 22.41337068 10 29.7 76
-83.68230413 22.41335114 12 29.7 76
-83.68229016 22.41333744 14 29.7 76
-83.68228511 22.41337443 17 29.7 76
-83.68228818 22.41338588 17 29.7 76
-83.68229068 22.41338586 18 29.9 76
-83.68229418 22.41338533 17 29.9 76
-83.68229143 22.41338528 17 29.9 76
-83.68228872 22.41338413 18 29.9 76
-83.68228582 22.41338397 17 29.9 76
-83.6822849 22.41337796 17 29.9 76
-83.68228605 22.4133729 17 29.9 76
-83.68228884 22.41337454 18 29.9 76
-83.68229314 22.41337343 16 29.9 76
-83.68229419 22.41336912 15 30 76
-83.68228985 22.41336593 15 30 76
-83.68228415 22.41336848 14 30 76
-83.68227952 22.41337317 14 30 76
-83.68227756 22.41337612 15 30 76
-83.68227509 22.41337807 16 30 76
-83.68227261 22.41337902 15 30 76
-83.68227233 22.41337919 14 30 76
-83.68227226 22.41337881 14 30 76
-83.68227192 22.41337855 14 30 76
-83.68230122 22.41336764 19 30 76
-83.68230126 22.41336758 19 30.7 76
-83.68230121 22.41336758 19 30.7 76
-83.68230121 22.41336757 19 30.7 76
-83.68230132 22.41336764 19 30.7 76
-83.68230133 22.41336765 19 30.7 76
-83.68230134 22.41336767 19 30.7 76
-83.68230133 22.41336773 19 30.7 76
-83.68230135 22.41336775 19 30.7 76
-83.68230132 22.41336772 19 30.7 76
-83.68230131 22.41336773 19 30.7 76
-83.68230132 22.41336772 19 31 76
-83.68230135 22.41336771 19 31 76
-83.68230134 22.41336779 19 31 76
-83.68230133 22.41336788 19 31 76
-83.68230129 22.41336797 19 31 76
-83.68230123 22.41336799 19 31 76
-83.68230122 22.41336797 19 31 76
-83.68230123 22.413368 19 31 76
-83.68230123 22.41336803 19 31 76
-83.68230121 22.41336806 19 31 76
-83.68230118 22.4133681 19 31.1 75
-83.68230123 22.4133681 19 31.1 75
-83.68230125 22.41336811 19 31.1 75
-83.68230127 22.4133681 19 31.1 75
-83.68230129 22.41336812 19 31.1 75
-83.68230134 22.41336811 19 31.1 75
-83.68228695 22.41335905 20 31.1 75
-83.6822574 22.41333099 18 31.1 75
-83.68227185 22.41334139 19 31.1 75
-83.68227168 22.41334736 19 31.1 75
-83.68227877 22.41334908 19 31.1 75
-83.68228354 22.41334614 16 31.2 75
-83.68228385 22.41333908 17 31.2 75
-83.68228659 22.4133395 17 31.2 75
-83.68229317 22.41334569 15 31.2 75
-83.68229621 22.41334314 16 31.2 75
-83.68229459 22.41334415 16 31.2 75
-83.68229123 22.41334615 17 31.2 75
-83.68229557 22.41334661 17 31.2 75
-83.68229537 22.41334771 18 31.2 75
-83.68229588 22.41334865 18 31.2 75
-83.68231943 22.41334142 10 31.2 75
-83.6823171 22.41333537 11 31.2 75
-83.68231802 22.41334906 11 31.2 75
-83.68231765 22.41335063 12 31.2 75
-83.68231796 22.41335086 12 31.2 75
-83.68231795 22.41335086 12 31.2 75
-83.68231802 22.41335097 12 31.2 75
-83.68231811 22.41335104 12 31.2 75
-83.68231814 22.41335108 12 31.2 75
-83.68231809 22.41335114 12 31.2 75
-83.68233398 22.4133702 13 31.2 75
-83.68232888 22.41339959 13 31.2 75
-83.6823279 22.41339886 13 31.2 75
-83.68233144 22.41340502 12 31.3 75
-83.68232689 22.41340368 13 31.3 75
-83.68232687 22.4134033 13 31.3 75
-83.68232635 22.41340812 14 31.3 75
-83.68232575 22.41341755 15 31.3 75
-83.68232604 22.41342215 15 31.3 75
-83.68232592 22.41342252 15 31.3 75
-83.68232761 22.41342614 16 31.3 75
-83.6823322 22.41342589 17 31.3 75
-83.68233357 22.4134238 17 31.3 75
-83.68233744 22.41342079 17 31.3 75
-83.68233957 22.41342702 17 31.3 75
-83.6823329 22.41342988 17 31.3 75
-83.68233554 22.41342942 17 31.3 75
-83.68233666 22.41342899 17 31.3 75
